ww. 111

w evemplo. F. 111(1.11.ρν·)1ῑώ 111 11 ΙΙ tobim 1111111111111111
11 (11311 11111 11111111 111 11111111 11111111 11 11 1111111111. 111 111
; 1111 1111111111 11111111111111111111111111111111 11111 11111111,
11. ,11111 11111 111 111111111111111111) 11 1111111111111111111111· 111 11
11111 1111111111. 11 111 111111111111111111 1111111111 111 1111111 111111 11111
. 11 mimam? 11 111111111111111111111111111111111111111111111
11 1 1111111111 111 1111111 111 1111111111 ,1111111111 11111111 11111111.
11111 11111111 111. 1111111 111111 111111 11 1111111 111 1111111 1111 1111111
111 1111 111 11111111 11111111 1111 1111111111, F· 326a: (1 1511 1111111111
11111111 11111 11 1111111111 311111 111 1111111111 111111 1111111111111111 (11,
11111111 11111 1111 1111111111 111111 1111111 111 11 11111111111111 1111111111
1111111111 111111. ς11111111111111111111111111111111111111111111111
11 111 vem 1111111111111111111111111111 1111111111 1111111111111111111
1 11111111. F. 435b: (11 1111 1111 11111 111111111111111 1 1111111 bers
1111 111 1111111111 11111111 11111 1111 1111111,’1111111111111111111111111111
11111111 111 1111111111111111111111111111111..11111111)”111111111. s, .
111111. 1111 1111111111 11111 1111111 ch, c. ff. 1¹· ,3⁶ · ,1111 J· 1111 .
11 1111 1111111 111. 111111 111111 111 111. 1!- 3111141111· 111·
1 1111111 1111111 11111111. 11111111 *1181- ·1·. 11 vacat· F. 111
1111111111 11111 111-11111 1111111 1111 111 11111111 1111 1111111111 1111111
,111-11111 im. s. g. 11. c. ff. 1. 11111111 11111 111111 11111111311111
. 1. 311. 33111. s. 111. Vol. 11 1111111 111111 11 1111111111 1111111111 1111
1. 43517. s. 111. 1. figg. 234· 11111111. Tab. expl· 11111111.
mn, . .. 11111, F, hg ‘M F33a(c..n. I) icon xyl. Infra:
1111111111 1111 111111111111. Expl. 1111 11111 1111 111 111 1111111111111 111
za. F. 11 icon xyl. 1ῐ1111111111111111111. 1111 111 11111 1111111
. ιι. lm: ,111 1111 111 11 111111 11111 111111111111111111111111111
1111111111 111111111111111111. 11111 1111111111, 11111 11111111. Γ· 1.·1111·
1 1111111 11 11111 111111111111111 n. cml-l.) fol· 3.: 11111111 111
’1111111 1111111111. 1ζ18111 ,111 1111111. 11 1111 1111111 1111 1111111
11111111111111111111111111161111111111 111111 111 Θ1111111111111. 1111
111111115111 ι11111111111111111111 11111111 11111 1111) 111 15111111111111.
11111111 &ora 111-111111111111111111· 17511 (τη 1· ι,(-Ὶι-11,ΗΙ·)
11111111 11111 11111 11111111 111111 1111 ryjl· 11111 τ’ 1111 111111 11111 111
111111 3111111111. 11111 611111 111 1111111111 1111111111 111111 1111111111
11111 1111511111 11113111. 1111111. 1111. 1111111111111111111 11111111 111,
11. fig. ch. e. ff n. zcol. 111. 1. 1111 1 1111111 1111 1111111111 1111111111
hff. c. figg. (De parte hiemali 11111. 111 111111 Μ11111111111111111111
1111111111.) 11111111 Ι11111111111111 111111. 1111111
’quw - - F. 1. ot 2.‚q1mein 1111111111111 1111111111111 1111 11111111
111 1111111111 figunt, 1111111111 31111 111111 ,1111111111111111111111111111
1111111111111111111111111111
11111111 1111111111 111111. 1 1111 111 1111. 111111111111111111111111. 111111
Ι 1111111 1111 11 1 1111111111 11111 ’11111111111111111111. 111 11111111111111
11111111 .; 11111 1111111111. 11111111 1111111 1111 11111111 111 1111 11111111
1111 111111 1111 111 1111111111 111111 1111. (31 111111111111111111111111111
εεηῃιηισπυῐ, 111 1111111111111 11111111. ,1111 111 11111 1111111111. 11
¹ 1111111111 1111111111 &vra 111 111 111111 1111 111111111111111111111111 111
’11111111 1111 11111 111111 111 1111111111111111111111111. 11111 1111111111
11111 111 111111111111111111111111. 11111111111111111 ἐξ Ι1111111. f· 1111.
111 1111111111111111111111.111. 111· c· ff- 13· ml, 50( 2ff· '¹012
ἕρ. mh 111 hcm AEmviii· 311, suurn. 11311511. 1111111. c ι1111111. 1211.
'. 11. F. ια vacat. F. lb: 9987. - - l'ssl· Ῑ· 1511 1111111111
111 1111111111 11111 11 1111112111 111 111 11111111111111111111111111111.
·. Tab. expl. 111. F. 111111 11111111 ,1111 111111 1111111 1111111111
. F. 311 (1. 1111111 (1111111111 111111 1111111111111 1111111111

 

